000000430
000010620
081000000
700900000
030750960
010000003
075009200
600835070
087000030
000700008
000000507
003900000
001030740
000008250
309060000
000402000
500080062
607000030
900540000
000000507
000070000
140006000
200800009
010200084
009003010
000000060
000500401
900000000
018026090
500009006
003000080
000207050
020005010
800000900
700000203
000600400
013040020
000103500
000000075
000479000
029030000
091302000
005000003
602000010
007600000
003749000
200000590
090003006
400200080
006000050
010002300
000410000
009006000
000020001
000075600
206108000
600700000
301000000
459062000
030007054
105080006
000000300
250098401
100050020
600000000
000070005
060300010
400009800
000000004
940002000
002803009
000090000
409007028
008200500
005400706
041000300
700030009
500080000
000026005
000000910
050028030
900050000
083100000
100000005
000306180
000000070
506009000
409680000
000030209
000026001
903070000
000403007
009700006
008040102
000000040
000230804
060000000
052600000
250008400
000000008
000130000
908000000
500709040
070040350
000005200
000360100
860000003
007906400
901700020
000008000
400005006
000201009
000060750
000000170
032640000
004000000
007900400
031000020
260030507
300002000
050010200
120005076
000009000
670000810
080600030
105490028
000010000
000200015
370000900
209000080
000900100
400050070
000860000
087000030
000700600
600030500
000000180
040000002
000205003
892500004
000080010
400002009
007000000
040537008
230001000
010000046
400062809
090400010
100208000
000000905
000690000
600900430
000030028
000006000
060300005
000200100
130400970
000050000
325700000
004000000
007900001
900050008
060010000
090400050
001000070
000001843
050080700
000040060
740000900
900000001
450307020
002008507
300040010
000500000
000060003
060002070
008030206
004000080
007000001
053000000
001600090
049006000
670050900
000072800
000380050
300005780
000040300
000000430
000010620
081000000
700900000
030750960
010000003
075009200
600835070
087000030
000700008
000000507
003900000
001030740
000008250
309060000
000402000
500080062
607000030
900540000
000000507
000070000
140006000
200800009
010200084
009003010
000000060
000500401
900000000
018026090
500009006
003000080
000207050
020005010
800000900
700000203
000600400
013040020
000103500
000000075
000479000
029030000
091302000
005000003
602000010
007600000
003749000
200000590
090003006
400200080
006000050
010002300
000410000
009006000
000020001
000075600
206108000
600700000
301000000
459062000
030007054
105080006
000000300
250098401
100050020
600000000
000070005
060300010
400009800
000000004
940002000
002803009
000090000
409007028
008200500
005400706
041000300
700030009
500080000
000026005
000000910
050028030
900050000
083100000
100000005
000306180
000000070
506009000
409680000
000030209
000026001
903070000
000403007
009700006
008040102
000000040
000230804
060000000
052600000
250008400
000000008
000130000
908000000
500709040
070040350
000005200
000360100
860000003
007906400
901700020
000008000
400005006
000201009
000060750
000000170
032640000
004000000
007900400
031000020
260030507
300002000
050010200
120005076
000009000
670000810
080600030
105490028
000010000
000200015
370000900
209000080
000900100
400050070
000860000
087000030
000700600
600030500
000000180
040000002
000205003
892500004
000080010
400002009
007000000
040537008
230001000
010000046
400062809
090400010
100208000
000000905
000690000
600900430
000030028
000006000
060300005
000200100
130400970
000050000
325700000
004000000
007900001
900050008
060010000
090400050
001000070
000001843
050080700
000040060
740000900
