900020401
005090020
040100097
500001000
000000002
400570309
053002180
000000000
002800003
000000000
007000001
900000628
602000590
000081005
070503000
090060070
000005000
200040086
040030000
000000000
000090401
390701000
800000090
000210045
500000080
930000010
000029800
000106003
400000000
000000000
007000001
190000020
040306000
000830700
000041000
086702000
000000074
300100005
000000980
000000000
080900030
009100000
600000507
002540006
030002000
170000003
003000704
200308060
000000000
000000000
657000030
040705000
003000090
100040850
000600240
009800700
300200004
000010080
000006000
000000000
600020000
090003008
002000007
000010080
060007902
100300000
009006070
000080150
000430060
000000000
000000031
010000600
280000007
070290006
000804200
000007003
095030080
300000000
008500012
000000000
000006401
000170000
000000090
102000700
370014080
060050000
003000010
000800970
051000062
000000000
900025000
040070620
010000000
004089750
006400000
030000009
000000070
000100800
000058003
000000000
007900001
000054000
020801500
402000060
006000902
050000000
060300004
000075010
340008070
000000000
000000030
005000600
200800097
090030040
708900150
060207000
000070000
003000000
600510000
000000000
000000000
050700020
003041000
070006000
040000310
000080700
005008004
700160800
060300209
000000000
007000030
090010608
000020090
620300900
043900100
000007000
006850000
010000000
080006300
000000000
260000030
030400008
001000500
020061000
704053000
500040010
000900004
000080006
050000100
000000000
000600001
500730600
200004500
090000000
041070002
000800300
300000000
070048003
408050010
000000000
000000001
000500600
040000097
403000050
100020009
009000080
502960004
010204000
000001360
000000000
000900000
000074008
800000590
900000200
570600940
000350000
060800300
003240000
040000060
000000000
000900000
000074008
800000590
900000200
570600940
000350000
060800300
003240000
040000060
000000000
000900000
000074008
800000590
900000200
570600940
000350000
060800300
003240000
040000060
000000000
250600001
000407000
600010000
001080046
070000000
400020009
005002704
080006200
000800900
000000000
007600400
010005008
600004000
020080005
000000062
900000070
800030700
590000000
034810000
000000000
007020030
000000608
002006500
000102940
400800003
010000000
100200000
060370009
080001300
000000000
200508000
090000000
801063000
000000900
403600000
000070800
000000104
000310006
500720009
000000000
200600001
034705000
080000000
000000000
003040070
002000103
000930004
070001206
806000000
000000000
000090401
390701000
800000090
000210045
500000080
930000010
000029800
000106003
400000000
000000000
050008031
090000608
000400000
600000175
008060003
021040000
000000000
002700860
006000700
000000000
080900030
009100000
600000507
002540006
030002000
170000003
003000704
200308060
000000000
000000000
000000031
400007008
000462090
902000300
004070000
600203050
090000000
008709200
700800003
000000000
600020000
090003008
002000007
000010080
060007902
100300000
009006070
000080150
000430060
000000000
000000031
010000600
280000007
070290006
000804200
000007003
095030080
300000000
008500012
000000000
900025000
040070620
010000000
004089750
006400000
030000009
000000070
000100800
000058003
000000000
000090030
090700008
046003500
002000006
000007209
980000000
000200304
000800010
503000080
000000000
067000030
040070028
003402000
090010000
000900000
700084009
608005070
024000000
000049063
000000000
507006000
000000008
024000000
000352070
000100200
000709103
052000004
301087000
000005080
000000000
000000030
000000028
041062090
000900006
000803000
502400700
020000000
630000000
079080010
000000000
007000030
090010608
000020090
620300900
043900100
000007000
006850000
010000000
080006300
000000000
087020000
305040000
200001007
003000045
060009002
090000700
002000014
100800000
000000300
000000000
000600001
500730600
200004500
090000000
041070002
000800300
300000000
070048003
408050010
000000000
000000001
000500600
040000097
403000050
100020009
009000080
502960004
010204000
000001360
