200690000
030100000
801043090
002030040
000000010
000800970
709080200
006000003
400060000
000000000
007000430
000051000
800000090
008200050
730500800
020040700
006300000
013007200
000004083
000000000
007090000
934501000
010200000
800000005
090043060
000900003
000060300
500002010
070010009
000000000
007005000
504001608
060000090
008009300
700050000
005200906
020000004
009000080
000107000
000000000
507000000
001007000
200040090
400600005
000000003
008100270
000083004
605000000
000060002
000000000
000020400
001704020
600000000
100800005
000060280
005430006
030000800
000200309
004100000
000000000
507000030
001305000
000000007
000010060
063090072
010008900
200100700
040000000
000600050
000000000
000000431
900470000
008000000
060200900
004000002
000510700
000190004
470050800
100007009
000000000
000690430
000005600
000000097
009040000
000207000
410050000
090000080
170302060
080004002
000000000
057608000
000050008
000402090
500001200
000340100
900000050
000000064
720000980
008000000
000000000
000090031
300000620
008400000
000000100
001000040
070050009
000100000
000000805
420806000
000000000
900020000
000039608
062100000
020090000
100000300
000500046
650000014
004050003
000070200
000000000
087005030
000700020
000040590
000003040
600090000
030050000
051900000
400001800
006030100
000000000
050000400
000700620
608300000
010000000
860004210
500001070
000000760
002803009
100000000
000000000
000006401
930040000
000800097
000090000
005100062
100507000
010600000
400009300
000051200
000000000
000006031
000000020
030810590
000040005
008000100
902000040
019600004
800503006
000000070
000000000
000090401
000307020
810000000
039024005
008050000
500000900
000700000
080000760
042000800
000000000
580900000
140300020
000000507
020000000
000402083
018009006
000090050
800000360
000540000
000000000
000025430
001970008
006400000
008040000
000010000
040700906
002000700
790000000
860000209
000000000
007500001
000000600
000026007
000080000
000230050
500160203
090000070
142000080
008009000
000000000
500900030
004050028
000800007
040060800
008070940
050000000
020000100
600001050
000002009
000000000
200690000
030100000
801043090
002030040
000000010
000800970
709080200
006000003
400060000
000000000
007000430
000051000
800000090
008200050
730500800
020040700
006300000
013007200
000004083
000000000
007090000
934501000
010200000
800000005
090043060
000900003
000060300
500002010
070010009
000000000
007005000
504001608
060000090
008009300
700050000
005200906
020000004
009000080
000107000
000000000
507000000
001007000
200040090
400600005
000000003
008100270
000083004
605000000
000060002
000000000
000020400
001704020
600000000
100800005
000060280
005430006
030000800
000200309
004100000
000000000
507000030
001305000
000000007
000010060
063090072
010008900
200100700
040000000
000600050
000000000
000000431
900470000
008000000
060200900
004000002
000510700
000190004
470050800
100007009
000000000
000690430
000005600
000000097
009040000
000207000
410050000
090000080
170302060
080004002
000000000
057608000
000050008
000402090
500001200
000340100
900000050
000000064
720000980
008000000
000000000
000090031
300000620
008400000
000000100
001000040
070050009
000100000
000000805
420806000
000000000
000090031
300000620
008400000
000000100
001000040
070050009
000100000
000000805
420806000
000000000
087005030
000700020
000040590
000003040
600090000
030050000
051900000
400001800
006030100
000000000
050000400
000700620
608300000
010000000
860004210
500001070
000000760
002803009
100000000
000000000
000006401
930040000
000800097
000090000
005100062
100507000
010600000
400009300
000051200
000000000
000006031
000000020
030810590
000040005
008000100
902000040
019600004
800503006
000000070
000000000
000090401
000307020
810000000
039024005
008050000
500000900
000700000
080000760
042000800
000000000
000090401
000307020
810000000
039024005
008050000
500000900
000700000
080000760
042000800
000000000
000025430
001970008
006400000
008040000
000010000
040700906
002000700
790000000
860000209

