007000000
300041020
810200090
000000700
600009010
000387000
009036070
000000803
006004000
000000000
000000030
934017600
200008097
400090000
300000080
050061300
000209000
000000005
620004000
000000000
267090001
000000020
010004000
005970006
003050000
000300109
070005000
004000075
500400963
000000000
650008000
000730000
200400000
000000045
001090060
400000000
070009014
540100076
000000209
000000000
050000400
091000600
200001007
000200000
380000000
700089013
000600070
000030065
900000080
000000000
007590000
900010608
000602500
000100006
400000000
800209740
030700010
000031900
005000000
000000000
000000000
490001000
810000590
024607005
000085000
000900206
000002700
082000069
700050380
000000000
000020000
030000608
008630090
100005306
000009800
700040000
006500004
090000005
000000710
000000000
250000001
000070008
060020000
003000900
500400100
702001006
009200800
126000050
000060000
000000000
000098030
050030600
004210000
030000005
608000310
001000040
006000004
090800000
000000209
000000000
007020401
900005600
000083000
009008005
700040003
100200000
002000000
400300010
000750062
000000000
250090031
004700000
000040090
000063000
000801002
040000300
901000000
006000000
430000200
000000000
080006000
040700020
360000090
008540000
000800009
150000003
703050000
000000100
000408300
000000000
000098401
500000020
000020000
020001040
030040970
000000306
012000000
900070000
406000159
000000000
200098000
000000000
084010090
390000040
006000100
500062000
010020060
000004075
000500003
000000000
000006030
904500020
001034000
760240000
100000000
000370000
000700200
870000050
046000809
000000000
057900001
000500608
020000007
090000000
014007300
000030800
002850060
100000000
000049200
000000000
600000400
000005020
800160000
300281005
170030000
040000000
030092000
000500003
001007200
000000000
900005001
051000000
036040000
009004080
003500100
060002009
000309800
000000000
700080960
000000000
000000000
309700008
804300500
080905006
070801000
021400000
000080010
000040900
005000300
000000000
080000000
300000000
100040507
000010005
610090800
200800043
001906000
009000200
040750000
000000000
007000000
300041020
810200090
000000700
600009010
000387000
009036070
000000803
006004000
000000000
000000030
934017600
200008097
400090000
300000080
050061300
000209000
000000005
620004000
000000000
267090001
000000020
010004000
005970006
003050000
000300109
070005000
004000075
500400963
000000000
650008000
000730000
200400000
000000045
001090060
400000000
070009014
540100076
000000209
000000000
050000400
091000600
200001007
000200000
380000000
700089013
000600070
000030065
900000080
000000000
007590000
900010608
000602500
000100006
400000000
800209740
030700010
000031900
005000000
000000000
000000000
490001000
810000590
024607005
000085000
000900206
000002700
082000069
700050380
000000000
000020000
030000608
008630090
100005306
000009800
700040000
006500004
090000005
000000710
000000000
250000001
000070008
060020000
003000900
500400100
702001006
009200800
126000050
000060000
000000000
000098030
050030600
004210000
030000005
608000310
001000040
006000004
090800000
000000209
000000000
007020401
900005600
000083000
009008005
700040003
100200000
002000000
400300010
000750062
000000000
250090031
004700000
000040090
000063000
000801002
040000300
901000000
006000000
430000200
000000000
080006000
040700020
360000090
008540000
000800009
150000003
703050000
000000100
000408300
000000000
000098401
500000020
000020000
020001040
030040970
000000306
012000000
900070000
406000159
000000000
200098000
000000000
084010090
390000040
006000100
500062000
010020060
000004075
000500003
000000000
000006030
904500020
001034000
760240000
100000000
000370000
000700200
870000050
046000809
000000000
057900001
000500608
020000007
090000000
014007300
000030800
002850060
100000000
000049200
000000000
600000400
000005020
800160000
300281005
170030000
040000000
030092000
000500003
001007200
000000000
900005001
051000000
036040000
009004080
003500100
060002009
000309800
000000000
700080960
